	[0x00, []],
	[0x31, [0, 1, 2]],
	[0x62, [0, 1, 2, 3, 4, 5]],
	[0x42, [0, 1, 2, 0, 2, 3]],
	[0x53, [0, 1, 4, 1, 3, 4, 1, 2, 3]],
	[0x73, [0, 1, 2, 0, 2, 3, 4, 5, 6]],
	[0x93, [0, 1, 2, 3, 4, 5, 6, 7, 8]],
	[0x84, [0, 1, 4, 1, 3, 4, 1, 2, 3, 5, 6, 7]],
	[0x84, [0, 1, 2, 0, 2, 3, 4, 5, 6, 4, 6, 7]],
	[0xC4, [0, 1, 2, 3, 4, 5, 6, 7, 8, 9, 10, 11]],
	[0x64, [0, 4, 5, 0, 1, 4, 1, 3, 4, 1, 2, 3]],
	[0x64, [0, 5, 4, 0, 4, 1, 1, 4, 3, 1, 3, 2]],
	[0x64, [0, 4, 5, 0, 3, 4, 0, 1, 3, 1, 2, 3]],
	[0x64, [0, 1, 2, 0, 2, 3, 0, 3, 4, 0, 4, 5]],
	[0x75, [0, 1, 2, 0, 2, 3, 0, 3, 4, 0, 4, 5, 0, 5, 6]],
	[0x95, [0, 4, 5, 0, 3, 4, 0, 1, 3, 1, 2, 3, 6, 7, 8]]
